0.0104603 0.352019
0.00519263 1.0036
0.00658647 0.867296
0.00337239 1.35974
0.0135881 1.03264
0.00621406 0.962285
0.144839 0.639165
0.00676751 0.199816
0.00323844 1.13048
0.00772257 0.702339
0.0353745 0.173837
0.0330732 1.00969
0.0497624 0.556087
0.0174294 0.0616283
0.0137599 0.245226
0.00627035 0.0694229
0.00901067 0.0276821
0.00381885 0.634014
0.0391505 0.94855
0.0439595 0.15037
0.015925 0.0505744
1.42942 1.7729
0.0123751 1.46651
0.00454412 0.930287
0.00667836 1.00412
0.0577258 0.0560016
0.052463 0.54284
0.0111666 0.215224
0.0393999 0.0666764
0.02553 0.73207
0.01075 0.794944
0.00552889 0.708856
0.530899 0.853532
0.0479387 0.141499
0.00285615 1.17511
0.273033 1.02221
0.0158142 0.215154
0.0157194 0.452221
0.00762816 0.202431
0.0246092 0.100931
0.00238306 1.28687
0.0255689 1.53526
0.010949 0.632783
0.000136688 0.569901
0.00523657 0.437285
0.0576985 0.157732
0.0214586 0.242917
0.0079521 0.647478
0.0208495 0.764336
0.0251545 1.006
0.00254046 0.713351
0.0130677 1.25953
0.476129 0.539367
0.00643356 1.33132
0.0174541 0.167904
0.00663414 0.59074
0.0148455 1.28085
0.0102334 0.356365
0.00528178 0.574437
0.0211948 0.795528
0.00627755 0.350975
0.0091465 0.744715
0.0468315 0.216997
0.00616786 2.10798
0.440164 0.024491
0.00439412 0.913898
0.102916 0.82982
0.00728436 1.31651
0.00625129 0.710013
0.0430468 0.256022
0.0903718 0.918921
0.0228304 0.859133
0.044402 0.485008
0.00642367 0.3867
0.015476 0.0756999
0.00572908 0.54196
0.0477673 0.25595
0.0402532 0.567739
0.0110972 0.661597
0.00821831 0.881128
0.00764497 0.241918
0.0590709 0.000375901
0.0229576 0.542861
0.00857022 1.48138
0.027413 0.529438
0.0241278 0.167265
0.00643613 0.621373
0.0036622 1.04903
0.0306688 0.843934
0.00913391 0.219238
0.0166836 0.0108985
0.00613073 0.714658
0.0105734 0.117444
0.0233545 0.196532
0.00668256 0.149428
0.0197714 0.0753835
0.00388055 0.561735
0.0815951 0.419548
0.00467245 0.112495
0.0457355 0.163109
